0
01234567890123456789012345678901234567890123456789012345678901234567890123456789012345678901234567890123456789012345678901234567890123456789012
1
3456789012345678901234567890123456789012345678901234
2
5678901234567890123456789012345678901234567890123456789012345678901234567890123456789012345678901234567890123456789012345678901234567890123456789012345678901234
3
5678901234567890123456789012345678901234567890123
4
456789012345678901234567890123456789012345678901234567890123456789012345678901234567
5
89012345678901234567890123456789012345678901234567890123456789012345678901234567890123456789012345678901234567890123
6
4567890123456789012345678901234567890123456789012345678901234567890123456789012345678901234567890123456789012345678901234567890123456
7
78
8
901234567890123456789012345678901234567890123456789
9
01234567890123456789012345678901234567890123456789012345678901234567890123456789012345678901234567890123456789012345678901234567890123456789012345678901234567890123456789012345678
10
9012345678901234567890123456789012345678901234567890123456789012345678901234567890
11
123456789012345678901234567890123456789012345678901234567890123456789012345678901234567890123456789012
12
345678901234567890123456789012345678901234567890123456789012345678901234567890123456789012345678901234567890123456789012345678901234567890123456789012345678901234
13
567890123456789012345678901234567890123456789012345678901234567890123456789012345678901234
14
567890123456789012345678901234567890123456789012345678901234567890123456
15
789012345678901234567890123456789012345678901234567890123456789012345678901234567890123456789012
16
345678901234567890123456789012345678901
17
23456789012345678901234567890123456789012345678901234567890123456789012345678901234567890123456789012
18
3456789012345678901234567890123456789012345678901234567890123456789012345678901234567890123456789012345678901234567890123456789012
19
34567890123456789012345678901234567890123456789012345678901
20
23456789012345678901234567890123456789012345678901234567890123456789012345678901234567890123456789012345678901234567890123456789012345678901234567890
21
12345678901234567890123456789012345678901234567890
22
12345678901234567890123456789012345678901234567890123456789012345678901234567890123456789012345678901234567890123456789012345678901234567890123456789012345678901234
23
5
24
678901234567890123456789012345678901234567890123456789012345678901234567890123456789012345678901234567890123456789012345678901234567890123456
25
789012345678901234567890123456789012345678901234567890123456789012345678901234567890123456789012345678
26
901234567890123456789012345678901234567890123456789012345678901234567890123456789012345678901234567890123456789012345678901234567890123456789012345678901234567890123456
27
7890123456789012345678901234567890123456
28
78901234567890123456789012345678901234567890123456789012345678901234567890123456789012345678901234567890123456789012345678901234567890123456789012345678901234567890123456789012345678901234
29
56789012345678901234567890123456789012345678901234567890123456789012345678901234567890123456789012345
30
6789012345678901234567890123456789012345678901234567890123456789012345678901234567890123456789012345678901234567890123456789012345678901234567
31
890123456789012345678901234567890123456789012
32
34567890123456789012345678901234567890123456789012345678901234567890123456789012345678901234567890123456789012345678901234567890123456789012345678901
33
2345678901234567890123456789012345678901234567890123456789
34
012345678901234567890123456789012345678901234567890123456789012345678901234567890123456789012345678901234567890123456789012345678901234567890123456
35
7890123456789012345678901234567890123456789012345678901234567890123456789
36
01234567890123456789012345678901234567890123456789012345678901234567890123456789012345678901234567890123456789012345678901234567890
37
1234567890123456789012345678901234567890123456789012345678901234567890123456789012345678901234567890123456789012345
38
678901234567890123456789012345678901234567890123456
39
789012345678901234567890123456